RANDOMOWE:
	POJEMNOSC = 50
	WAGI = [11, 10, 5, 19, 19, 12,8,17,6,8,5,5,13,15,20,9,1,16,16,10,12,13,5,15,5,20,19,17,9,4,18,14,1,11,16,3,9,3,2,11,9,19,5,13,12,11,9,6,12,5,17,7,15,5,12,11,1,11,17,16,8,14,16,13,20,9,14,17,9,7,13,
20,13,13,13,7,6,17,10,5,1,2,7,5,14,3,19,10,2,18,15,8,11,16,19,9,17,12,14,5]
	CENY = [47,90,94,82,40,13,93,65,45,23,22,18,90,79,93,78,16,16,54,98,50,54,82,59,87,16,80,67,59,11,79,52,28,96,15,57,63,11,73,54,82,18,78,38,63,31,75,95,68,11,29,22,20,63,50,30,45,89,84,97,18,74,82,
95,44,81,82,77,90,55,15,74,37,73,30,44,78,33,91,45,85,82,72,79,30,86,10,35,38,50,21,53,59,63,65,52,26,69,42,18]

PAWEŁEK:
	pojemnosc = 20                                       
	ceny = [75, 100, 94, 41, 79, 114, 106, 94, 117, 79]  
	wagi = [5, 7, 14, 5, 14, 11, 10, 11, 7, 6]   
	
KRYSTIAN: 
	max_weight = 20
    	item_weight = [5, 7, 14, 5, 14, 11, 10, 11, 7, 6]
    	item_worth = [75, 100, 94, 41, 79, 114, 106, 94, 117, 79]
